0 1
0.02 0.995103
0.04 0.990207
0.06 0.98531
0.08 0.980413
0.1 0.975517
0.12 0.97062
0.14 0.965723
0.16 0.960826
0.18 0.95593
0.2 0.951033
0.22 0.946136
0.24 0.94124
0.26 0.936343
0.28 0.931446
0.3 0.92655
0.32 0.921653
0.34 0.916756
0.36 0.911859
0.38 0.906963
0.4 0.902066
0.42 0.897169
0.44 0.892273
0.46 0.887376
0.48 0.882479
0.5 0.877583
0.52 0.872342
0.54 0.866414
0.56 0.859798
0.58 0.852495
0.6 0.844505
0.62 0.835826
0.64 0.82646
0.66 0.816407
0.68 0.805666
0.7 0.794238
0.72 0.782121
0.74 0.769318
0.76 0.755827
0.78 0.741648
0.8 0.726781
0.82 0.711228
0.84 0.694986
0.86 0.678057
0.88 0.660441
0.9 0.642136
0.92 0.623145
0.94 0.603465
0.96 0.583099
0.98 0.562044
1 0.540302
1.02 0.518349
1.04 0.496659
1.06 0.475234
1.08 0.454073
1.1 0.433177
1.12 0.412544
1.14 0.392176
1.16 0.372073
1.18 0.352233
1.2 0.332658
1.22 0.313346
1.24 0.2943
1.26 0.275517
1.28 0.256999
1.3 0.238745
1.32 0.220755
1.34 0.203029
1.36 0.185568
1.38 0.168371
1.4 0.151438
1.42 0.134769
1.44 0.118365
1.46 0.102225
1.48 0.0863488
1.5 0.0707372
1.52 0.0550979
1.54 0.0391389
1.56 0.0228602
1.58 0.0062619
1.6 -0.0106561
1.62 -0.0278938
1.64 -0.0454511
1.66 -0.0633281
1.68 -0.0815248
1.7 -0.100041
1.72 -0.118877
1.74 -0.138033
1.76 -0.157508
1.78 -0.177303
1.8 -0.197418
1.82 -0.217852
1.84 -0.238606
1.86 -0.25968
1.88 -0.281073
1.9 -0.302787
1.92 -0.324819
1.94 -0.347172
1.96 -0.369844
1.98 -0.392835
2 -0.416147
2.02 -0.439295
2.04 -0.461798
2.06 -0.483655
2.08 -0.504866
2.1 -0.525432
2.12 -0.545351
2.14 -0.564626
2.16 -0.583254
2.18 -0.601237
2.2 -0.618574
2.22 -0.635265
2.24 -0.651311
2.26 -0.66671
2.28 -0.681465
2.3 -0.695573
2.32 -0.709036
2.34 -0.721853
2.36 -0.734024
2.38 -0.74555
2.4 -0.75643
2.42 -0.766664
2.44 -0.776252
2.46 -0.785195
2.48 -0.793492
2.5 -0.801144
2.52 -0.808481
2.54 -0.815837
2.56 -0.82321
2.58 -0.830602
2.6 -0.838012
2.62 -0.845439
2.64 -0.852885
2.66 -0.860349
2.68 -0.867831
2.7 -0.87533
2.72 -0.882848
2.74 -0.890384
2.76 -0.897938
2.78 -0.90551
2.8 -0.9131
2.82 -0.920708
2.84 -0.928334
2.86 -0.935979
2.88 -0.943641
2.9 -0.951321
2.92 -0.959019
2.94 -0.966735
2.96 -0.97447
2.98 -0.982222
3 -0.989992
3.02 -0.997375
3.04 -1.00396
3.06 -1.00976
3.08 -1.01476
3.1 -1.01897
3.12 -1.02238
3.14 -1.025
3.16 -1.02683
3.18 -1.02786
3.2 -1.0281
3.22 -1.02755
3.24 -1.0262
3.26 -1.02406
3.28 -1.02112
3.3 -1.0174
3.32 -1.01287
3.34 -1.00756
3.36 -1.00145
3.38 -0.994544
3.4 -0.986847
3.42 -0.978356
3.44 -0.969072
3.46 -0.958994
3.48 -0.948122
3.5 -0.936457
3.52 -0.924424
3.54 -0.912452
3.56 -0.90054
3.58 -0.888687
3.6 -0.876895
3.62 -0.865163
3.64 -0.85349
3.66 -0.841878
3.68 -0.830325
3.7 -0.818833
3.72 -0.8074
3.74 -0.796028
3.76 -0.784715
3.78 -0.773463
3.8 -0.76227
3.82 -0.751138
3.84 -0.740065
3.86 -0.729053
3.88 -0.7181
3.9 -0.707207
3.92 -0.696375
3.94 -0.685602
3.96 -0.674889
3.98 -0.664236
4 -0.653644
4.02 -0.642795
4.04 -0.631374
4.06 -0.619381
4.08 -0.606816
4.1 -0.593679
4.12 -0.579969
4.14 -0.565688
4.16 -0.550835
4.18 -0.535409
4.2 -0.519411
4.22 -0.502842
4.24 -0.4857
4.26 -0.467986
4.28 -0.4497
4.3 -0.430842
4.32 -0.411412
4.34 -0.391409
4.36 -0.370835
4.38 -0.349688
4.4 -0.32797
4.42 -0.305679
4.44 -0.282817
4.46 -0.259382
4.48 -0.235375
4.5 -0.210796
4.52 -0.186134
4.54 -0.16188
4.56 -0.138032
4.58 -0.114591
4.6 -0.0915573
4.62 -0.0689304
4.64 -0.0467104
4.66 -0.0248974
4.68 -0.00349135
4.7 0.0175078
4.72 0.0381
4.74 0.0582852
4.76 0.0780636
4.78 0.0974349
4.8 0.116399
4.82 0.134957
4.84 0.153107
4.86 0.170851
4.88 0.188188
4.9 0.205118
4.92 0.22164
4.94 0.237756
4.96 0.253465
4.98 0.268767
5 0.283662
5.02 0.298446
5.04 0.313415
5.06 0.328568
5.08 0.343906
5.1 0.359429
5.12 0.375136
5.14 0.391028
5.16 0.407105
5.18 0.423367
5.2 0.439813
5.22 0.456444
5.24 0.473259
5.26 0.49026
5.28 0.507445
5.3 0.524814
5.32 0.542369
5.34 0.560108
5.36 0.578032
5.38 0.59614
5.4 0.614433
5.42 0.632911
5.44 0.651574
5.46 0.670421
5.48 0.689453
5.5 0.70867
5.52 0.727609
5.54 0.745808
5.56 0.763267
5.58 0.779986
5.6 0.795966
5.62 0.811205
5.64 0.825705
5.66 0.839464
5.68 0.852484
5.7 0.864764
5.72 0.876304
5.74 0.887104
5.76 0.897164
5.78 0.906484
5.8 0.915064
5.82 0.922904
5.84 0.930005
5.86 0.936365
5.88 0.941986
5.9 0.946866
5.92 0.951007
5.94 0.954408
5.96 0.957068
5.98 0.958989
6 0.96017
6.02 0.960975
6.04 0.961768
6.06 0.962548
6.08 0.963316
6.1 0.964071
6.12 0.964814
6.14 0.965545
6.16 0.966263
6.18 0.966969
6.2 0.967663
6.22 0.968345
6.24 0.969014
6.26 0.96967
6.28 0.970315
6.3 0.970947
6.32 0.971566
6.34 0.972174
6.36 0.972769
6.38 0.973351
6.4 0.973921
6.42 0.974479
6.44 0.975025
6.46 0.975558
6.48 0.976079
6.5 0.976588
6.52 0.976714
6.54 0.976087
6.56 0.974707
6.58 0.972575
6.6 0.96969
6.62 0.966052
6.64 0.961661
6.66 0.956518
6.68 0.950621
6.7 0.943972
6.72 0.93657
6.74 0.928416
6.76 0.919508
6.78 0.909848
6.8 0.899435
6.82 0.888269
6.84 0.876351
6.86 0.863679
6.88 0.850255
6.9 0.836078
6.92 0.821149
6.94 0.805466
6.96 0.789031
6.98 0.771843
7 0.753902
7.02 0.735666
7.04 0.717592
7.06 0.69968
7.08 0.68193
7.1 0.664343
7.12 0.646917
7.14 0.629654
7.16 0.612553
7.18 0.595613
7.2 0.578836
7.22 0.562221
7.24 0.545769
7.26 0.529478
7.28 0.513349
7.3 0.497383
7.32 0.481579
7.34 0.465936
7.36 0.450456
7.38 0.435138
7.4 0.419983
7.42 0.404989
7.44 0.390157
7.46 0.375488
7.48 0.360981
7.5 0.346635
7.52 0.332154
7.54 0.31724
7.56 0.301891
7.58 0.286109
7.6 0.269893
7.62 0.253244
7.64 0.236161
7.66 0.218644
7.68 0.200693
7.7 0.182309
7.72 0.163491
7.74 0.144239
7.76 0.124554
7.78 0.104434
7.8 0.0838816
7.82 0.0628951
7.84 0.0414749
7.86 0.019621
7.88 -0.00266663
7.9 -0.0253879
7.92 -0.048543
7.94 -0.0721317
7.96 -0.0961541
7.98 -0.12061
8 -0.1455
8.02 -0.170333
8.04 -0.194618
8.06 -0.218355
8.08 -0.241545
8.1 -0.264187
8.12 -0.286282
8.14 -0.307828
8.16 -0.328827
8.18 -0.349278
8.2 -0.369182
8.22 -0.388538
8.24 -0.407346
8.26 -0.425606
8.28 -0.443319
8.3 -0.460484
8.32 -0.477102
8.34 -0.493171
8.36 -0.508693
8.38 -0.523668
8.4 -0.538094
8.42 -0.551973
8.44 -0.565304
8.46 -0.578088
8.48 -0.590324
8.5 -0.602012
8.52 -0.613464
8.54 -0.624993
8.56 -0.636597
8.58 -0.648277
8.6 -0.660034
8.62 -0.671866
8.64 -0.683775
8.66 -0.695759
8.68 -0.70782
8.7 -0.719957
8.72 -0.732169
8.74 -0.744458
8.76 -0.756823
8.78 -0.769263
8.8 -0.78178
8.82 -0.794373
8.84 -0.807042
8.86 -0.819787
8.88 -0.832608
8.9 -0.845505
8.92 -0.858478
8.94 -0.871527
8.96 -0.884652
8.98 -0.897853
9 -0.91113
