0 1 -0.244835 0
0.02 0.995103 -0.244835 0.019951
0.04 0.990207 -0.244835 0.0398041
0.06 0.98531 -0.244835 0.0595593
0.08 0.980413 -0.244835 0.0792165
0.1 0.975517 -0.244835 0.0987758
0.12 0.97062 -0.244835 0.118237
0.14 0.965723 -0.244835 0.137601
0.16 0.960826 -0.244835 0.156866
0.18 0.95593 -0.244835 0.176034
0.2 0.951033 -0.244835 0.195103
0.22 0.946136 -0.244835 0.214075
0.24 0.94124 -0.244835 0.232949
0.26 0.936343 -0.244835 0.251725
0.28 0.931446 -0.244835 0.270402
0.3 0.92655 -0.244835 0.288982
0.32 0.921653 -0.244835 0.307464
0.34 0.916756 -0.244835 0.325849
0.36 0.911859 -0.244835 0.344135
0.38 0.906963 -0.244835 0.362323
0.4 0.902066 -0.244835 0.380413
0.42 0.897169 -0.244835 0.398406
0.44 0.892273 -0.244835 0.4163
0.46 0.887376 -0.244835 0.434096
0.48 0.882479 -0.244835 0.451795
0.5 0.877583 -0.244835 0.469396
0.52 0.872342 -0.279213 0.486896
0.54 0.866414 -0.313591 0.504285
0.56 0.859798 -0.347969 0.521548
0.58 0.852495 -0.382347 0.538672
0.6 0.844505 -0.416725 0.555643
0.62 0.835826 -0.451103 0.572448
0.64 0.82646 -0.485481 0.589072
0.66 0.816407 -0.519859 0.605502
0.68 0.805666 -0.554237 0.621723
0.7 0.794238 -0.588615 0.637724
0.72 0.782121 -0.622993 0.653488
0.74 0.769318 -0.657371 0.669004
0.76 0.755827 -0.69175 0.684256
0.78 0.741648 -0.726128 0.699232
0.8 0.726781 -0.760506 0.713918
0.82 0.711228 -0.794884 0.728299
0.84 0.694986 -0.829262 0.742362
0.86 0.678057 -0.86364 0.756094
0.88 0.660441 -0.898018 0.76948
0.9 0.642136 -0.932396 0.782507
0.92 0.623145 -0.966774 0.795161
0.94 0.603465 -1.00115 0.807428
0.96 0.583099 -1.03553 0.819295
0.98 0.562044 -1.06991 0.830747
1 0.540302 -1.10429 0.841772
1.02 0.518349 -1.09107 0.852358
1.04 0.496659 -1.07786 0.862508
1.06 0.475234 -1.06465 0.872226
1.08 0.454073 -1.05144 0.881519
1.1 0.433177 -1.03822 0.890391
1.12 0.412544 -1.02501 0.898848
1.14 0.392176 -1.0118 0.906895
1.16 0.372073 -0.998586 0.914537
1.18 0.352233 -0.985374 0.921779
1.2 0.332658 -0.972161 0.928628
1.22 0.313346 -0.958949 0.935087
1.24 0.2943 -0.945736 0.941163
1.26 0.275517 -0.932524 0.946861
1.28 0.256999 -0.919311 0.952186
1.3 0.238745 -0.906099 0.957143
1.32 0.220755 -0.892887 0.961737
1.34 0.203029 -0.879674 0.965975
1.36 0.185568 -0.866462 0.96986
1.38 0.168371 -0.853249 0.973399
1.4 0.151438 -0.840037 0.976597
1.42 0.134769 -0.826824 0.979458
1.44 0.118365 -0.813612 0.981989
1.46 0.102225 -0.800399 0.984195
1.48 0.0863488 -0.787187 0.98608
1.5 0.0707372 -0.773974 0.98765
1.52 0.0550979 -0.789958 0.988909
1.54 0.0391389 -0.805941 0.989852
1.56 0.0228602 -0.821925 0.990473
1.58 0.0062619 -0.837908 0.990765
1.6 -0.0106561 -0.853892 0.990721
1.62 -0.0278938 -0.869875 0.990336
1.64 -0.0454511 -0.885859 0.989603
1.66 -0.0633281 -0.901842 0.988516
1.68 -0.0815248 -0.917826 0.987068
1.7 -0.100041 -0.933809 0.985253
1.72 -0.118877 -0.949793 0.983064
1.74 -0.138033 -0.965776 0.980496
1.76 -0.157508 -0.98176 0.977541
1.78 -0.177303 -0.997743 0.974193
1.8 -0.197418 -1.01373 0.970447
1.82 -0.217852 -1.02971 0.966294
1.84 -0.238606 -1.04569 0.96173
1.86 -0.25968 -1.06168 0.956748
1.88 -0.281073 -1.07766 0.951341
1.9 -0.302787 -1.09364 0.945503
1.92 -0.324819 -1.10963 0.939227
1.94 -0.347172 -1.12561 0.932508
1.96 -0.369844 -1.14159 0.925338
1.98 -0.392835 -1.15758 0.917712
2 -0.416147 -1.17356 0.909623
2.02 -0.439295 -1.14128 0.901067
2.04 -0.461798 -1.10899 0.892055
2.06 -0.483655 -1.07671 0.8826
2.08 -0.504866 -1.04442 0.872713
2.1 -0.525432 -1.01213 0.862409
2.12 -0.545351 -0.979849 0.8517
2.14 -0.564626 -0.947564 0.8406
2.16 -0.583254 -0.915278 0.82912
2.18 -0.601237 -0.882993 0.817274
2.2 -0.618574 -0.850707 0.805075
2.22 -0.635265 -0.818422 0.792535
2.24 -0.651311 -0.786136 0.779668
2.26 -0.66671 -0.753851 0.766487
2.28 -0.681465 -0.721565 0.753004
2.3 -0.695573 -0.68928 0.739233
2.32 -0.709036 -0.656994 0.725186
2.34 -0.721853 -0.624709 0.710876
2.36 -0.734024 -0.592423 0.696316
2.38 -0.74555 -0.560138 0.681519
2.4 -0.75643 -0.527853 0.666498
2.42 -0.766664 -0.495567 0.651266
2.44 -0.776252 -0.463282 0.635836
2.46 -0.785195 -0.430996 0.62022
2.48 -0.793492 -0.398711 0.604432
2.5 -0.801144 -0.366425 0.588485
2.52 -0.808481 -0.367327 0.572389
2.54 -0.815837 -0.368229 0.556145
2.56 -0.82321 -0.369131 0.539755
2.58 -0.830602 -0.370032 0.523217
2.6 -0.838012 -0.370934 0.506531
2.62 -0.845439 -0.371836 0.489696
2.64 -0.852885 -0.372738 0.472713
2.66 -0.860349 -0.37364 0.455581
2.68 -0.867831 -0.374541 0.438299
2.7 -0.87533 -0.375443 0.420867
2.72 -0.882848 -0.376345 0.403286
2.74 -0.890384 -0.377247 0.385553
2.76 -0.897938 -0.378149 0.36767
2.78 -0.90551 -0.37905 0.349636
2.8 -0.9131 -0.379952 0.33145
2.82 -0.920708 -0.380854 0.313112
2.84 -0.928334 -0.381756 0.294621
2.86 -0.935979 -0.382658 0.275978
2.88 -0.943641 -0.383559 0.257182
2.9 -0.951321 -0.384461 0.238232
2.92 -0.959019 -0.385363 0.219129
2.94 -0.966735 -0.386265 0.199872
2.96 -0.97447 -0.387167 0.18046
2.98 -0.982222 -0.388068 0.160893
3 -0.989992 -0.38897 0.141171
3.02 -0.997375 -0.349287 0.121296
3.04 -1.00396 -0.309604 0.101281
3.06 -1.00976 -0.26992 0.0811422
3.08 -1.01476 -0.230237 0.0608957
3.1 -1.01897 -0.190554 0.0405571
3.12 -1.02238 -0.15087 0.0201423
3.14 -1.025 -0.111187 -0.000332927
3.16 -1.02683 -0.0715035 -0.0208526
3.18 -1.02786 -0.0318201 -0.0414009
3.2 -1.0281 0.00786324 -0.0619618
3.22 -1.02755 0.0475466 -0.0825197
3.24 -1.0262 0.0872299 -0.103059
3.26 -1.02406 0.126913 -0.123562
3.28 -1.02112 0.166597 -0.144016
3.3 -1.0174 0.20628 -0.164402
3.32 -1.01287 0.245963 -0.184706
3.34 -1.00756 0.285647 -0.204912
3.36 -1.00145 0.32533 -0.225003
3.38 -0.994544 0.365013 -0.244964
3.4 -0.986847 0.404697 -0.26478
3.42 -0.978356 0.44438 -0.284433
3.44 -0.969072 0.484063 -0.303909
3.46 -0.958994 0.523747 -0.323191
3.48 -0.948122 0.56343 -0.342263
3.5 -0.936457 0.603114 -0.36111
3.52 -0.924424 0.600115 -0.379719
3.54 -0.912452 0.597116 -0.398088
3.56 -0.90054 0.594117 -0.416217
3.58 -0.888687 0.591118 -0.43411
3.6 -0.876895 0.588119 -0.451765
3.62 -0.865163 0.58512 -0.469186
3.64 -0.85349 0.582121 -0.486372
3.66 -0.841878 0.579122 -0.503326
3.68 -0.830325 0.576123 -0.520048
3.7 -0.818833 0.573124 -0.536539
3.72 -0.8074 0.570125 -0.552801
3.74 -0.796028 0.567126 -0.568836
3.76 -0.784715 0.564127 -0.584643
3.78 -0.773463 0.561128 -0.600225
3.8 -0.76227 0.558129 -0.615582
3.82 -0.751138 0.55513 -0.630716
3.84 -0.740065 0.552131 -0.645628
3.86 -0.729053 0.549132 -0.660319
3.88 -0.7181 0.546133 -0.67479
3.9 -0.707207 0.543134 -0.689043
3.92 -0.696375 0.540135 -0.703079
3.94 -0.685602 0.537136 -0.716899
3.96 -0.674889 0.534137 -0.730503
3.98 -0.664236 0.531138 -0.743895
4 -0.653644 0.528139 -0.757073
4.02 -0.642795 0.556743 -0.770039
4.04 -0.631374 0.585348 -0.782781
4.06 -0.619381 0.613952 -0.79529
4.08 -0.606816 0.642557 -0.807553
4.1 -0.593679 0.671161 -0.819559
4.12 -0.579969 0.699766 -0.831296
4.14 -0.565688 0.728371 -0.842754
4.16 -0.550835 0.756975 -0.85392
4.18 -0.535409 0.78558 -0.864783
4.2 -0.519411 0.814184 -0.875332
4.22 -0.502842 0.842789 -0.885556
4.24 -0.4857 0.871393 -0.895442
4.26 -0.467986 0.899998 -0.90498
4.28 -0.4497 0.928602 -0.914158
4.3 -0.430842 0.957207 -0.922964
4.32 -0.411412 0.985812 -0.931388
4.34 -0.391409 1.01442 -0.939417
4.36 -0.370835 1.04302 -0.94704
4.38 -0.349688 1.07163 -0.954246
4.4 -0.32797 1.10023 -0.961024
4.42 -0.305679 1.12883 -0.967361
4.44 -0.282817 1.15744 -0.973247
4.46 -0.259382 1.18604 -0.97867
4.48 -0.235375 1.21465 -0.983619
4.5 -0.210796 1.24325 -0.988081
4.52 -0.186134 1.22291 -0.99205
4.54 -0.16188 1.20256 -0.995529
4.56 -0.138032 1.18221 -0.998528
4.58 -0.114591 1.16186 -1.00105
4.6 -0.0915573 1.14152 -1.00311
4.62 -0.0689304 1.12117 -1.00472
4.64 -0.0467104 1.10082 -1.00587
4.66 -0.0248974 1.08048 -1.00659
4.68 -0.00349135 1.06013 -1.00687
4.7 0.0175078 1.03978 -1.00673
4.72 0.0381 1.01944 -1.00618
4.74 0.0582852 0.999089 -1.00521
4.76 0.0780636 0.978743 -1.00385
4.78 0.0974349 0.958396 -1.00209
4.8 0.116399 0.938049 -0.999952
4.82 0.134957 0.917702 -0.997438
4.84 0.153107 0.897355 -0.994556
4.86 0.170851 0.877008 -0.991316
4.88 0.188188 0.856661 -0.987725
4.9 0.205118 0.836314 -0.983791
4.92 0.22164 0.815967 -0.979523
4.94 0.237756 0.79562 -0.974928
4.96 0.253465 0.775273 -0.970015
4.98 0.268767 0.754926 -0.964792
5 0.283662 0.734579 -0.959267
5.02 0.298446 0.743814 -0.953447
5.04 0.313415 0.753049 -0.947328
5.06 0.328568 0.762284 -0.940909
5.08 0.343906 0.771519 -0.934184
5.1 0.359429 0.780754 -0.927151
5.12 0.375136 0.789989 -0.919806
5.14 0.391028 0.799223 -0.912145
5.16 0.407105 0.808458 -0.904164
5.18 0.423367 0.817693 -0.895859
5.2 0.439813 0.826928 -0.887228
5.22 0.456444 0.836163 -0.878265
5.24 0.473259 0.845398 -0.868969
5.26 0.49026 0.854633 -0.859334
5.28 0.507445 0.863867 -0.849357
5.3 0.524814 0.873102 -0.839035
5.32 0.542369 0.882337 -0.828363
5.34 0.560108 0.891572 -0.817339
5.36 0.578032 0.900807 -0.805958
5.38 0.59614 0.910042 -0.794216
5.4 0.614433 0.919277 -0.782111
5.42 0.632911 0.928512 -0.769638
5.44 0.651574 0.937746 -0.756793
5.46 0.670421 0.946981 -0.743574
5.48 0.689453 0.956216 -0.729975
5.5 0.70867 0.965451 -0.715994
5.52 0.727609 0.928455 -0.70163
5.54 0.745808 0.891459 -0.686895
5.56 0.763267 0.854463 -0.671803
5.58 0.779986 0.817467 -0.656369
5.6 0.795966 0.780471 -0.640608
5.62 0.811205 0.743475 -0.624535
5.64 0.825705 0.706479 -0.608165
5.66 0.839464 0.669483 -0.591512
5.68 0.852484 0.632487 -0.574591
5.7 0.864764 0.595491 -0.557418
5.72 0.876304 0.558495 -0.540006
5.74 0.887104 0.521499 -0.52237
5.76 0.897164 0.484503 -0.504527
5.78 0.906484 0.447507 -0.486489
5.8 0.915064 0.410511 -0.468272
5.82 0.922904 0.373515 -0.449891
5.84 0.930005 0.336519 -0.431361
5.86 0.936365 0.299523 -0.412696
5.88 0.941986 0.262527 -0.393911
5.9 0.946866 0.225531 -0.375021
5.92 0.951007 0.188535 -0.356041
5.94 0.954408 0.151539 -0.336986
5.96 0.957068 0.114543 -0.31787
5.98 0.958989 0.0775471 -0.298708
6 0.96017 0.0405511 -0.279515
6.02 0.960975 0.0399338 -0.260304
6.04 0.961768 0.0393165 -0.241077
6.06 0.962548 0.0386991 -0.221833
6.08 0.963316 0.0380818 -0.202575
6.1 0.964071 0.0374645 -0.183301
6.12 0.964814 0.0368472 -0.164012
6.14 0.965545 0.0362299 -0.144708
6.16 0.966263 0.0356126 -0.12539
6.18 0.966969 0.0349953 -0.106058
6.2 0.967663 0.034378 -0.0867116
6.22 0.968345 0.0337606 -0.0673515
6.24 0.969014 0.0331433 -0.0479779
6.26 0.96967 0.032526 -0.028591
6.28 0.970315 0.0319087 -0.00919113
6.3 0.970947 0.0312914 0.0102215
6.32 0.971566 0.0306741 0.0296467
6.34 0.972174 0.0300568 0.0490841
6.36 0.972769 0.0294395 0.0685335
6.38 0.973351 0.0288221 0.0879947
6.4 0.973921 0.0282048 0.107467
6.42 0.974479 0.0275875 0.126952
6.44 0.975025 0.0269702 0.146447
6.46 0.975558 0.0263529 0.165952
6.48 0.976079 0.0257356 0.185469
6.5 0.976588 0.0251183 0.204996
6.52 0.976714 -0.0125208 0.22453
6.54 0.976087 -0.05016 0.244059
6.56 0.974707 -0.0877991 0.263568
6.58 0.972575 -0.125438 0.283042
6.6 0.96969 -0.163077 0.302466
6.62 0.966052 -0.200716 0.321825
6.64 0.961661 -0.238356 0.341103
6.66 0.956518 -0.275995 0.360286
6.68 0.950621 -0.313634 0.379359
6.7 0.943972 -0.351273 0.398306
6.72 0.93657 -0.388912 0.417113
6.74 0.928416 -0.426551 0.435764
6.76 0.919508 -0.46419 0.454244
6.78 0.909848 -0.501829 0.472539
6.8 0.899435 -0.539469 0.490633
6.82 0.888269 -0.577108 0.508512
6.84 0.876351 -0.614747 0.526159
6.86 0.863679 -0.652386 0.543561
6.88 0.850255 -0.690025 0.560701
6.9 0.836078 -0.727664 0.577566
6.92 0.821149 -0.765303 0.594139
6.94 0.805466 -0.802942 0.610407
6.96 0.789031 -0.840582 0.626353
6.98 0.771843 -0.878221 0.641963
7 0.753902 -0.91586 0.657222
7.02 0.735666 -0.907754 0.672117
7.04 0.717592 -0.899648 0.686649
7.06 0.69968 -0.891542 0.700822
7.08 0.68193 -0.883435 0.714638
7.1 0.664343 -0.875329 0.7281
7.12 0.646917 -0.867223 0.741212
7.14 0.629654 -0.859117 0.753978
7.16 0.612553 -0.851011 0.7664
7.18 0.595613 -0.842905 0.778481
7.2 0.578836 -0.834799 0.790225
7.22 0.562221 -0.826693 0.801636
7.24 0.545769 -0.818587 0.812715
7.26 0.529478 -0.810481 0.823467
7.28 0.513349 -0.802375 0.833895
7.3 0.497383 -0.794269 0.844003
7.32 0.481579 -0.786163 0.853792
7.34 0.465936 -0.778057 0.863267
7.36 0.450456 -0.76995 0.87243
7.38 0.435138 -0.761844 0.881286
7.4 0.419983 -0.753738 0.889837
7.42 0.404989 -0.745632 0.898086
7.44 0.390157 -0.737526 0.906038
7.46 0.375488 -0.72942 0.913694
7.48 0.360981 -0.721314 0.921058
7.5 0.346635 -0.713208 0.928134
7.52 0.332154 -0.734893 0.934923
7.54 0.31724 -0.756578 0.941417
7.56 0.301891 -0.778263 0.947609
7.58 0.286109 -0.799948 0.95349
7.6 0.269893 -0.821633 0.959051
7.62 0.253244 -0.843318 0.964283
7.64 0.236161 -0.865003 0.969178
7.66 0.218644 -0.886688 0.973727
7.68 0.200693 -0.908373 0.977921
7.7 0.182309 -0.930058 0.981751
7.72 0.163491 -0.951743 0.98521
7.74 0.144239 -0.973428 0.988288
7.76 0.124554 -0.995113 0.990977
7.78 0.104434 -1.0168 0.993267
7.8 0.0838816 -1.03848 0.995151
7.82 0.0628951 -1.06017 0.99662
7.84 0.0414749 -1.08185 0.997664
7.86 0.019621 -1.10354 0.998276
7.88 -0.00266663 -1.12522 0.998446
7.9 -0.0253879 -1.14691 0.998166
7.92 -0.048543 -1.16859 0.997428
7.94 -0.0721317 -1.19028 0.996222
7.96 -0.0961541 -1.21196 0.99454
7.98 -0.12061 -1.23365 0.992373
8 -0.1455 -1.25533 0.989712
8.02 -0.170333 -1.22795 0.986553
8.04 -0.194618 -1.20056 0.982903
8.06 -0.218355 -1.17318 0.978772
8.08 -0.241545 -1.14579 0.974172
8.1 -0.264187 -1.11841 0.969114
8.12 -0.286282 -1.09102 0.963608
8.14 -0.307828 -1.06364 0.957666
8.16 -0.328827 -1.03626 0.951299
8.18 -0.349278 -1.00887 0.944517
8.2 -0.369182 -0.981486 0.937331
8.22 -0.388538 -0.954101 0.929753
8.24 -0.407346 -0.926716 0.921793
8.26 -0.425606 -0.899331 0.913463
8.28 -0.443319 -0.871947 0.904773
8.3 -0.460484 -0.844562 0.895734
8.32 -0.477102 -0.817177 0.886357
8.34 -0.493171 -0.789792 0.876653
8.36 -0.508693 -0.762407 0.866634
8.38 -0.523668 -0.735023 0.856309
8.4 -0.538094 -0.707638 0.845691
8.42 -0.551973 -0.680253 0.834789
8.44 -0.565304 -0.652868 0.823616
8.46 -0.578088 -0.625484 0.812181
8.48 -0.590324 -0.598099 0.800496
8.5 -0.602012 -0.570714 0.788571
8.52 -0.613464 -0.574516 0.776417
8.54 -0.624993 -0.578318 0.764032
8.56 -0.636597 -0.582119 0.751417
8.58 -0.648277 -0.585921 0.738568
8.6 -0.660034 -0.589723 0.725485
8.62 -0.671866 -0.593525 0.712166
8.64 -0.683775 -0.597327 0.69861
8.66 -0.695759 -0.601129 0.684815
8.68 -0.70782 -0.60493 0.670779
8.7 -0.719957 -0.608732 0.656501
8.72 -0.732169 -0.612534 0.64198
8.74 -0.744458 -0.616336 0.627214
8.76 -0.756823 -0.620138 0.612201
8.78 -0.769263 -0.623939 0.596941
8.8 -0.78178 -0.627741 0.58143
8.82 -0.794373 -0.631543 0.565669
8.84 -0.807042 -0.635345 0.549655
8.86 -0.819787 -0.639147 0.533387
8.88 -0.832608 -0.642949 0.516863
8.9 -0.845505 -0.64675 0.500082
8.92 -0.858478 -0.650552 0.483042
8.94 -0.871527 -0.654354 0.465742
8.96 -0.884652 -0.658156 0.448181
8.98 -0.897853 -0.661958 0.430356
9 -0.91113 -0.665759 0.412266
